28.105569
28.105569
28.106527
28.130404
28.109243
28.088572
28.034211
28.018491
27.986624
28.016352
27.981986
27.978625
28.032331
27.960219
27.937178
27.940599
27.908579
27.898606
27.855982
27.795581
27.850634
27.839349
27.824348
27.759608
27.830055
27.761886
27.694763
27.761203
27.691932
27.666086
27.723912
27.639469
27.612874
27.638534
27.606098
27.593209
27.573926
27.561151
27.559232
27.528067
27.522542
27.531058
27.493015
27.487706
27.440943
27.439646
27.412907
27.401744
27.396007
27.357510
27.365647
27.347638
27.302128
27.309836
27.266277
27.266066
27.238097
27.239031
27.227439
27.209839
27.224821
27.181666
27.170096
27.154590
27.104113
27.081358
27.071874
27.073267
27.039336
27.041493
27.018145
27.009551
26.996247
26.954839
26.968576
26.913075
26.903469
26.908829
26.860309
26.869310
26.870268
26.836196
26.836415
26.843831
26.775542
26.732431
26.730095
26.730780
26.708966
26.692341
26.690703
26.646072
26.644104
26.627146
26.569781
26.564525
26.577363
26.535204
26.541647
26.529513
